4598
537
1673
4955
812
6868
1224
2489
3163
1006
1431
9202
2408
4768
6986
3343
5122
7048
1520
7664
2034
9138
3147
7637
4078
2594
5409
7931
5174
4678
5994
633
1021
2102
4753
7663
2972
5342
7620
9924
8017
3702
3457
2191
8815
9677
1719
3903
9130
8919
7782
6366
8730
1783
3221
920
4856
7102
5526
6502
7917
1185
7520
2169
1193
1474
2528
6961
7471
8605
6678
1035
1071
1676
2146
2539
6397
2664
9204
6437
3782
4741
8842
7371
2653
3186
3381
8820
8048
4516
2506
5064
9385
645
9475
1109
5880
7278
2082
5441
5726
6920
9065
975
980
2796
194
8476
965
173
4319
6149
4090
8880
6854
3296
7184
8627
6614
5750
8295
8039
7081
7711
610
9177
7430
5041
5702
9407
3335
1876
7960
848
3280
7843
9926
4044
6661
8145
4051
4340
1205
5989
3031
2095
9706
9348
3758
5649
2053
8223
2042
7627
5376
7711
4108
5292
3766
1709
7327
1070
8024
2512
2327
5990
6993
8733
1860
3550
4112
6166
4438
4909
714
6460
4036
474
3763
8188
2861
7009
8365
6319
7679
1746
6825
3458
7382
1524
5794
7614
2382
810
5584
6592
5086
9064
2374
6015
2126
9228
2809
9545
4824
2523
5737
8527
613
6729
3535
2946
672
2996
7630
5591
64
20
398
5352
2145
1783
1308
2659
7820
9870
6917
9565
5950
2375
1102
6226
5621
169
8885
8879
4481
6670
5817
7859
3422
1057
2435
2533
6500
2448
4822
5580
3263
6372
3549
7927
8973
4352
5738
5691
6140
201
5487
836
6718
4074
2776
5378
8785
4029
9150
3395
8920
7215
6902
6775
2582
9054
5803
1162
4339
5824
9345
8263
3243
7058
1532
55
7352
1440
9094
9816
2968
3655
7203
3118
1386
5477
75
9075
3689
6011
8810
2482
6499
8330
1098
582
6328
8074
5681
6842
9755
8712
1076
9079
3714
3130
7895
9516
8671
6135
2840
2908
5210
2664
8932
1021
1741
7229
5792
9020
9764
5851
8048
1693
3147
7443
8007
4886
1571
2116
48
4946
1529
5474
4792
708
4584
9026
1711
2543
1036
5453
896
2132
7698
5361
8083
5500
402
1794
7871
7030
3272
6245
1090
4141
617
7844
4920
8895
4368
2719
3667
686
4223
9608
373
6301
107
2678
9910
183
4698
2858
549
651
1769
4008
536
8988
3235
8842
7511
3071
8239
306
7400
6391
4736
8102
3230
3026
4295
8886
2794
3732
4013
7218
5523
5687
4721
1916
5951
6712
4748
6682
308
2378
1379
6689
9389
592
1516
8951
793
488
5811
6288
4111
2822
320
7262
6754
806
8171
6907
3519
1663
1013
1766
3153
8626
9435
304
1994
6876
7914
2863
2808
3587
3337
4357
6791
4340
5693
3455
9810
8950
3620
3632
1420
4131
5517
9624
9777
7593
7094
5313
2298
6052
4330
9615
9306
3847
6598
5497
4233
2622
3280
4068
1077
2858
7696
4320
2474
2628
534
8581
5592
1312
6787
3830
1078
6317
8616
7682
3415
7275
7480
2814
2320
6009
2071
4462
5265
9531
9249
4987
7011
5083
3317
2738
3142
3161
2852
2079
7659
7105
9028
5720
5637
6070
2749
6016
2054
6574
9574
9053
757
8198
4230
2701
9827
3419
2481
2231
2985
5483
3532
6273
9135
8288
3031
8393
1795
67
107
1213
3462
4284
4392
1923
6526
6472
7038
981
3412
5811
8938
4262
190
94
3693
1766
1627
7096
1276
4080
684
6946
6048
333
1683
3749
8323
2219
4021
8469
679
8651
7674
595
5164
6739
8045
381
9657
9102
2003
8127
5345
1676
8948
666
7586
8261
3617
1871
3830
1860
5556
9073
2104
3023
9137
6531
8842
7818
4140
5627
5567
3330
4654
4270
7267
8269
6041
2314
2155
2232
3949
3295
4726
8715
6242
6057
447
5101
8248
2776
4091
982
9286
796
857
6620
6047
4398
6738
177
7135
8983
6691
1243
6470
8058
5338
1596
3659
4943
8430
9443
9185
7163
6463
1585
6135
2803
2668
8816
801
3621
4194
4533
8695
9939
6423
5700
2265
2668
8707
9844
9815
1928
3599
2612
8222
3638
976
9447
6346
3113
9990
8192
1857
7419
8687
1762
2420
2221
7531
3529
9941
9121
4196
4162
9630
681
6479
5569
4819
2761
5625
5894
6069
6586
7511
3211
922
710
986
8825
2537
868
2153
202
3373
5998
2825
8558
3110
3821
1016
4239
6867
3786
5044
9455
3301
2653
5656
8260
5114
5422
8608
5454
8890
3600
982
3850
6572
638
9118
1556
1316
243
1432
9101
4056
6799
1425
5450
5229
1887
2208
4300
5104
1394
3375
1691
9394
4006
3245
7540
7880
2390
470
6629
1806
5737
9139
9080
2196
1811
6180
1132
6100
6338
2945
7449
9109
4395
3962
4360
6599
593
8230
1694
1275
9963
4886
7167
129
7960
6184
3933
6920
6769
507
9323
9173
4761
3272
1576
4150
4399
7065
8601
1771
9414
9658
7557
6719
9339
7132
4734
8487
1504
6926
6732
6
4322
4086
1051
6684
9257
7204
4129
3582
1948
74
9747
571
9224
8259
7855
4557
1795
6056
2299
5275
2838
3750
3709
7282
2091
9686
6859
6910
2818
8712
5783
6308
1117
7635
9201
4662
465
3118
7679
2744
39
5445
9265
3661
9352
90
7922
2625
7415
643
3133
183
3599
9699
624
1992
6234
6656
7117
9286
4755
9608
4695
6727
3524
2411
2850
9547
5054
9197
7973
8303
1685
5894
5853
2380
8555
4801
1241
4176
6821
6846
565
8120
3485
3488
674
7802
9613
8988
2554
5688
2621
5892
1561
3927
7464
7944
7210
6877
5645
9768
6344
1339
8714
3605
6546
3333
7112
5437
9332
4745
8512
7901
453
1580
1378
4153
8031
6765
3988
3975
8475
5528
1043
2727
1779
2087
5619
1050
1119
7495
3476
7561
9642
3672
1826
6129
9396
4338
4279
3594
9971
5445
8521
6669
1584
1401
4718
5580
5432
8480
4717
4112
6399
8907
5749
8136
8461
9992
9457
360
7744
1815
9703
5069
3813
2899
4860
3599
5527
6734
3249
4223
1460
3980
1928
1997
1093
5424
139
9955
7891
5293
8778
1078
6932
5536
5347
990
3255
3340
316
9109
3792
9553
2658
5713
4348
6402
7821
8815
7844
13
7263
8144
7574
5449
7648
9437
5390
9033
5808
9624
2328
312
7554
3990
8489
768
5613
7042
5153
1312
4307
4778
4637
9974
6307
5333
3274
7599
1283
1343
5752
1634
586
3103
6688
8698
3819
7876
9308
8783
698
2468
5332
4905
2621
2347
1077
7406
4475
9606
5269
7861
2584
2278
4015
8620
8994
5067
1098
988
5196
2300
2921
7135
8028
2008
3600
9309
8796
1502
6885
5189
7769
1484
4238
5735
3067
1926
5264
5581
3174
5014
8208
6048
7059
3100
8873
4305
9650
3258
5505
8642
3189
1769
9959
697
5090
5202
1741
3256
2588
8516
8600
1348
4227
3700
4404
8281
4724
7028
3985
2775
5500
3947
4855
3293
292
258
3219
9640
1859
9156
2740
2576
979
6887
4561
86
5509
4117
26
3582
3045
4201
6541
1229
9621
7952
2019
3458
7738
7583
5647
8566
4754
7036
9478
2973
7361
9669
6318
6767
6549
1270
6028
7215
696
2688
9065
8359
5808
7152
9999
649
6218
9475
627
7643
5858
5444
3317
8387
1000
7592
1197
8438
435
4862
7489
6681
5189
704
4533
678
9305
8077
7810
9807
2393
1866
2315
262
9238
5443
5265
914
689
6549
1184
3363
9948
2447
7305
8640
7645
1709
9512
4864
6942
4985
7970
3017
7812
9243
7994
710
4829
2439
2865
9764
8558
9337
8031
9851
243
3135
4058
8841
6016
5026
5983
4028
1982
1102
3415
7792
1794
4209
1039
9889
9697
8188
874
1641
4616
2987
9947
5849
1811
6369
1767
3505
8926
4870
1966
3095
8162
2142
4017
5652
7272
6298
5603
5926
1465
595
4727
966
8738
4953
5110
6342
7028
425
3735
3770
988
5943
3238
7679
1283
7962
6632
1161
5933
7131
9454
6264
1153
1124
837
8038
7515
7003
9395
4836
5480
6362
6087
41
6107
8942
8046
2105
1735
7556
2575
5427
729
6106
8893
7316
4735
261
1966
4546
2234
2290
9216
2372
9553
6026
8346
6838
9883
4629
4680
6185
3205
6557
7338
7322
2486
922
3354
467
2307
4924
7037
4251
8727
9643
9307
3296
7982
8766
1491
6402
3207
7126
6243
7757
6977
147
1083
2559
9068
9570
8823
825
8643
8854
1299
6526
7810
417
9997
4243
4820
6856
5374
3353
2695
1418
8121
1173
7683
5423
3442
2247
2243
408
6192
7317
2447
8463
9837
4183
2799
1847
7910
5600
745
2120
5875
866
4621
98
9972
5738
8144
3418
313
1294
4944
1534
7346
7316
294
1049
6025
8948
6968
9246
9389
899
3110
3368
1935
2873
9311
3486
902
1490
6003
4516
5685
9756
4233
3679
9231
7958
1040
372
1463
4248
2642
988
834
3641
9425
2400
8077
8263
8766
9866
6966
3396
8508
4289
7231
8409
2783
498
5734
354
4860
9845
4008
3535
8048
7552
8752
4877
8439
4768
727
7186
7777
7009
3465
1096
4908
1861
9608
5351
6243
4932
3286
2132
7056
3923
1922
1934
7098
3254
108
8305
9029
3416
9826
5407
2341
6614
9485
5495
6726
9436
3348
7032
4171
6211
9903
8016
9407
4443
3221
4373
2645
6932
9294
4384
1500
6887
3626
9160
6273
2662
5420
4172
5919
347
2818
7123
2650
4219
739
7415
1101
4719
7045
1446
9375
7230
5809
9583
5414
8290
7348
6837
6145
51
5409
9616
6573
7869
549
5336
2239
6545
104
8291
5434
1219
3969
6666
7109
424
3532
9148
8035
4904
4250
3728
3572
2287
938
5065
3982
4075
4563
2817
7376
8
6391
7285
6546
2513
1482
2762
7653
9559
8564
9307
2499
5803
9381
2711
1060
8606
5294
8957
5511
3476
7342
8365
7664
8676
6617
3868
1938
3280
6113
2186
8893
5561
2543
800
3007
9029
3420
7950
2393
4218
4047
5840
9608
8319
1582
3128
3561
3416
3752
6459
790
4429
5679
3618
1949
5317
2282
4041
1982
8509
430
2885
1016
110
9660
7674
8755
3994
4384
6789
3943
6551
2153
142
2139
2526
8288
3232
5426
1420
8561
1050
4751
3625
9830
9762
3028
522
5345
8912
3687
7831
7182
3676
4473
9244
5118
9798
4492
9601
1598
9007
7579
3146
9369
8216
7810
8988
6372
4457
958
3668
3588
5409
8595
2114
661
7011
2260
283
5797
5718
7313
6965
6376
4407
6448
6863
178
6639
3829
1753
2228
3937
1806
3284
1538
6700
2957
7731
8722
7971
5756
1698
547
6402
8305
1580
605
9898
1508
2796
1992
9389
7826
3650
4431
1007
1880
1351
4031
615
2144
87
6847
1214
7115
1660
5952
9096
8171
5118
8087
5989
5865
9423
6823
7004
738
8130
2677
899
8277
3849
2984
743
4684
8788
8761
8173
4577
7180
6660
5219
7504
7112
747
6091
6541
175
7528
2639
6481
8748
6725
5469
4886
1027
8605
9199
5256
6814
5683
898
2982
6178
7213
1614
2289
6403
7798
3752
7978
6740
5941
7188
2248
2565
7778
5000
6319
5
6007
5032
6573
2352
5357
9587
2571
977
4962
7139
1680
1512
1148
2007
1120
4798
7402
6831
4764
2679
9330
6746
2570
7635
2971
1969
4027
8480
1845
5598
8476
966
2981
6765
9649
584
7606
5361
2196
8973
4752
7063
3812
2695
5702
2749
7169
3918
4455
9529
3192
1011
6989
995
4948
1234
4748
3049
8161
1511
2923
9694
2716
3889
6887
5900
5965
2039
3817
4047
7203
8261
7833
4946
5566
6838
7806
2399
2578
8166
4602
7776
2402
7866
9122
8689
1469
6375
1688
4496
268
6333
9695
8627
684
9713
1111
1360
6226
4316
2445
7351
9291
5203
7583
1257
9719
8448
949
1664
4893
2291
5978
7177
7797
260
3972
7388
5202
5610
5449
8082
5242
8879
1630
363
8981
8728
8691
5430
4397
7901
2992
5054
365
807
2838
6779
4453
4151
3198
7868
9853
4271
9773
8564
3572
5879
3654
2384
2900
3103
407
6679
5739
3521
1172
884
397
8186
957
6337
5709
4653
8275
9111
9153
9263
5889
5884
3204
6794
5575
3205
6916
4379
5566
5490
1822
5494
4286
2816
7554
9470
2610
987
879
5218
7698
4985
5917
1867
1300
7721
9219
447
978
5694
5898
8716
3975
8284
620
6863
7451
1221
7488
3937
9785
7505
493
2483
9032
2967
4136
113
4584
8410
1708
9933
5403
2588
8020
6567
5803
9495
7371
6420
7028
5281
816
9361
2942
1633
4932
6130
2865
8400
2614
2423
5236
6776
6265
3480
731
9563
132
6897
1734
8022
866
94
4962
1824
2476
6125
65
9719
5440
1250
8886
2410
5081
7758
8332
8847
4690
5883
2524
4922
7137
2141
9824
3735
9776
7064
3544
4956
8698
8741
847
4676
3956
4174
8221
7008
8381
5912
8886
7211
9469
2916
2899
935
2412
1658
3753
2212
3721
4942
4190
6545
1865
399
6159
9271
9635
6791
9725
9423
4746
9875
5492
1068
811
8180
5777
5456
8105
2387
9305
339
8961
9388
868
6144
1282
5813
6622
2226
6546
754
2772
7897
6416
6183
1926
3420
2621
2915
5922
75
7052
7738
1991
2913
9696
3814
7864
6914
7948
4488
4578
6649
8313
5487
4719
2315
4119
4397
1051
2941
1011
7283
7888
1883
1519
2701
6629
4657
9802
325
5118
1330
50
9079
5805
1298
1102
880
4049
1219
9396
6630
3595
5961
7673
9252
5098
3347
7614
326
4966
7432
8412
4653
5991
4701
2154
7211
3557
3727
2363
4448
2201
977
1657
1173
129
4539
3638
8211
1889
1990
8356
8333
6051
3214
7423
4699
6798
6346
4142
9304
1494
9310
318
8888
6743
6342
9156
1080
3520
5418
8217
2965
6721
3200
3849
8192
2189
7507
2829
4180
7768
9097
1644
3050
3202
4764
8404
3174
3136
4692
151
7664
1307
2482
1973
7260
4169
5348
3683
9340
9961
3520
5419
6373
2521
5644
6065
8035
2950
5926
3700
4278
8390
5936
8445
9790
8201
279
9274
2315
7696
1449
8537
7846
8839
9618
6583
8058
5045
4247
8931
3661
6994
4879
3830
6170
8328
7599
1678
2093
575
7722
227
3166
4264
9123
1314
1381
9745
5988
2873
9662
3001
7487
5070
7848
3774
4338
532
7663
7379
3662
242
8007
2031
6186
8117
8792
8437
7052
7583
6937
2094
5382
3308
4433
718
5832
6449
4456
3224
6621
1616
7562
7345
9596
1457
7136
839
392
8136
9467
1161
4397
5161
4263
8557
7145
954
5699
1076
1335
6747
7078
3902
4875
7976
9338
5097
6733
5191
9088
7255
2409
3827
726
7666
3822
9974
1962
2624
2745
7202
9469
5429
9708
1466
757
2852
213
159
7290
7747
7358
1978
2314
4447
2589
8868
563
4715
2048
2389
8266
9389
3882
7381
439
6394
807
333
1921
7904
1558
6744
846
4992
2606
8945
6847
4198
4788
253
4564
2768
609
3855
7092
5820
4310
2954
8210
6212
7916
1990
5486
2288
9359
5491
8975
9030
6611
182
7936
6698
3755
9391
9284
8902
5705
2366
8920
664
7521
7490
734
3853
9571
8209
7750
8958
8630
864
3758
9969
6479
3438
5033
3089
802
3704
7210
5798
4112
3093
6472
2769
7559
7108
1218
5208
2469
85
423
3414
9863
4211
2162
6588
7269
6702
4282
1205
1585
9670
3122
3356
9313
337
998
7142
6867
888
2928
9289
1391
5525
8495
1245
5238
5053
8657
5360
483
2809
5010
8601
722
8878
3140
2866
2290
2813
5817
1472
7798
8443
6542
4035
4316
404
2027
4046
2230
7727
6494
3151
2391
9161
6195
9262
2314
9902
4417
5883
3618
5762
2375
4119
1975
1108
3453
4418
8462
4400
7862
3915
6721
9695
3445
7808
7701
4240
9093
8897
3024
3344
9415
7006
4275
4364
9380
1157
9672
1121
2893
9572
8690
4317
8498
333
1630
9732
7711
6472
1652
5525
8594
164
7993
2446
2794
7686
4959
8710
1
6980
9893
8488
6640
6315
6965
9427
1843
4286
269
7324
8296
2655
1079
4630
2066
8816
5700
6172
5915
3946
4809
4964
7309
1028
9268
7084
6842
2453
410
2199
749
4956
6533
7107
1263
3510
7067
3505
2535
4334
2452
201
3668
8473
7390
6803
8392
4568
5172
9385
4520
4808
75
3913
5895
2115
8073
175
3607
2450
2007
2666
156
6471
7713
2765
3401
8953
2542
220
154
8946
8902
5445
6663
3756
5048
9146
7213
3748
8783
5700
819
8642
1539
2540
8829
5796
4344
8906
748
670
5533
8647
3854
1766
3579
4600
3594
7579
100
8469
1502
6666
7357
8600
3404
8811
2267
1104
3454
1636
2555
1999
5125
511
4023
3164
9740
82
2124
414
3811
3093
9369
8452
7108
8936
8016
44
9108
980
5404
5435
6027
8209
8941
8934
2722
1480
7174
7711
8636
8387
3645
5846
9628
7888
2954
6972
9235
6406
3374
7320
7848
1190
7018
5572
5592
2269
641
2431
2994
1426
4142
541
889
4080
2990
22
8835
5180
3514
499
8020
9239
7817
1601
8948
5096
1667
8780
5404
5575
9995
3459
9628
919
6968
1735
2637
1501
2768
4232
5573
7675
6420
8963
933
8186
9466
3215
1638
8683
1094
1163
6771
5413
6907
8783
9327
9192
762
6660
9075
5317
7699
7506
2622
3284
9766
2984
6146
4114
2617
2996
1468
3295
3110
204
3658
9539
6315
1847
2833
9930
3603
8789
3899
3124
4445
8627
3735
2943
2802
8399
1333
3686
6130
2917
5046
1307
740
4268
4365
3928
2092
4756
6205
4443
4513
5479
257
2157
3350
4698
2199
6505
9382
1687
4648
9132
9531
1246
6398
3579
3505
8879
252
1942
2789
7229
8547
2073
728
2260
8093
3749
3685
9838
5714
7687
9353
9144
2217
1882
1608
3593
1151
7443
4570
5480
4036
9951
3989
8494
1689
9228
6469
6794
8612
9472
6163
6722
6819
8562
871
9037
6303
1730
4824
5481
3521
5201
4974
1502
1655
1060
4400
8025
8239
5734
3386
8133
2655
1302
8350
8419
4050
8263
5293
2348
7865
8112
2862
2491
3156
9134
9511
1924
6905
9812
8803
6892
5505
155
2477
5493
5441
8624
1607
3471
6543
4841
3705
4550
8662
603
6406
5185
2887
9228
6775
3460
3122
5671
6381
9033
8789
1741
9660
1399
1475
9582
1083
4077
121
385
2680
8302
5609
8238
5385
1558
5302
2303
2473
2946
4977
8334
3251
7331
6135
4455
5659
8295
5104
8791
6355
3592
1598
8240
3514
9703
8234
3312
5520
846
9563
5992
5759
1143
666
2163
1240
8282
464
3160
868
3090
5553
9798
4593
1756
9411
8158
7259
1501
2245
553
2778
9530
370
2678
6229
8882
3041
6921
2091
4820
7160
5289
6533
337
1294
7640
5961
7053
1355
3696
1817
215
4482
6825
1558
2171
6607
4092
4319
3147
7207
9979
4458
6939
1138
6922
9649
9803
5495
4947
5564
1195
986
9172
371
2343
6394
6429
7937
281
5481
106
5396
3750
4273
4450
1758
8823
9078
7514
9063
2961
8373
4937
6479
8195
2141
7428
6656
6838
3066
7670
2441
825
2761
2533
2458
9941
1119
3089
9957
3606
9568
8065
1249
9586
3191
9416
7048
783
5876
1811
3241
7878
9508
9515
3998
2337
2457
5076
1993
3209
2862
5092
8952
8033
6137
9953
4417
6737
9798
5682
9848
9541
8951
1201
7394
5708
7249
1094
8445
1178
6794
6076
8079
8642
3932
4300
6101
3975
4314
3142
4814
7562
6598
6825
1107
2579
7752
9218
7958
927
9107
510
5612
6076
9779
5811
9003
1075
1384
584
1662
7005
3490
8837
3101
4094
4473
5058
4000
585
7937
6181
6169
1824
4560
1661
3259
5897
2905
116
3594
8511
6000
8706
8547
841
8970
6908
7843
7187
8693
9458
6424
4660
2154
5586
7858
3662
3759
3268
7925
7956
2747
9920
8856
9555
9752
9843
2319
1571
8923
6027
8515
5571
258
9415
1719
1955
5016
5734
3779
1206
841
7545
1400
4249
9455
2484
3238
2145
7107
1441
804
764
2652
793
6825
9531
4342
4504
1534
7025
469
6594
8034
2777
27
7364
1355
6032
1255
5852
6436
9581
6304
5041
5999
6287
2031
1970
1430
1308
3942
1863
2290
3254
825
6114
9138
9735
2056
4165
2571
3845
3675
8477
4935
9401
1434
2880
8784
2054
7907
3159
326
5017
1332
6469
169
8047
6341
515
783
9769
4853
3151
1090
9395
2861
1943
2457
7256
4097
2392
2976
5954
7447
6874
7722
598
3309
6118
1633
1462
1278
5725
1384
4330
9779
9100
1263
5971
9529
8231
6545
1138
4899
5697
4532
2939
4333
745
8831
1299
5942
7600
9625
3188
7214
4317
5064
9357
9766
6050
448
1513
3472
8668
773
9496
7172
481
9174
7162
3
3754
5033
174
4432
5248
9809
6185
3878
6994
3595
6572
5972
2433
1777
2253
7046
6583
4187
7515
5365
1795
4483
8135
2915
7821
6274
6581
5036
3273
4153
4908
1798
3014
4450
5632
6802
8089
356
4079
7807
9340
2657
2157
692
7736
3414
6891
1245
1389
4243
9468
2348
4894
570
2552
3225
2796
1054
4815
4346
5512
2281
3016
2453
5453
4535
2615
4972
1898
2620
6647
3216
1355
8093
2696
3674
3127
7658
7053
7028
1956
8102
2090
7923
2953
2772
4936
3613
4118
9529
3391
8991
9440
8986
7909
4287
7675
3223
5188
4475
3436
6638
4852
2772
5890
7488
4464
5756
8730
5380
2582
4364
1610
2503
6702
7180
5431
4728
4069
8484
9011
1084
5420
3987
6411
4184
8838
8372
9882
1906
8123
6168
5297
7980
9069
4692
9280
9584
6794
4853
3441
9291
6340
5031
3598
5134
3210
6325
4854
3996
8310
2979
4629
2889
6213
8442
8530
1614
810
9974
4485
5383
4955
3916
9999
612
3176
9310
9478
9996
4584
4239
9050
6183
9783
1317
5600
6373
6006
1102
1415
9327
8712
1630
6909
561
2269
2923
6432
2032
8694
3458
6938
6216
4086
611
4278
3164
4854
8197
8249
7379
5306
2830
7157
4409
3891
5819
4147
4411
4387
8366
7609
9494
4147
6201
5670
5090
9226
6310
3778
4917
3958
2
9598
8420
5465
6136
1441
1559
2789
2982
2715
9566
1559
8509
5228
3667
1602
3358
7763
8147
8745
3341
3612
3125
582
8530
1799
6318
7488
7434
367
9097
2410
126
6659
368
3119
7456
5951
2473
7704
6593
639
7678
9606
4899
7534
4464
8192
1185
601
6163
8465
7632
1552
8321
1704
4458
6260
7067
5028
9493
4647
7993
1240
130
3160
9633
3575
1797
8489
2488
746
2614
7787
8617
5379
9289
9272
3459
3333
8781
7190
743
7464
3284
6626
4158
4609
8440
6496
1926
1999
2630
9933
8824
4319
7054
1708
7940
5240
5225
9304
7784
5828
3638
5264
2606
8182
9541
6487
5172
5464
8907
3988
6336
1013
9774
9436
9934
5721
225
2273
8305
4991
5299
3181
9712
8038
7849
9081
7890
9961
2894
5784
7453
5071
7593
5364
8178
5923
8586
5573
6152
3971
7819
5971
2936
4606
1666
8260
608
416
3817
3344
6012
1293
2573
1861
8968
1285
7489
4306
3370
3908
8957
2566
9560
7542
7356
6982
453
993
6889
8094
4380
4304
6092
7636
7246
3497
4356
5044
8352
8570
3494
8636
7582
1638
2869
2415
9420
3286
6237
3891
7423
8845
7686
7676
5083
1946
9449
6343
9164
7891
8578
9607
4450
6665
2663
5866
1441
655
9312
1682
5660
9919
4644
6385
4857
4617
7646
2888
3905
106
9628
6034
3943
396
3312
8102
3832
951
9139
420
9748
6595
9218
7108
3182
3610
4641
9167
2947
8387
4569
7052
7415
4968
8286
7558
2808
6575
6538
1204
8999
5251
576
6901
5455
7558
8379
7567
4876
1325
6321
4113
7316
1121
6297
9293
3719
5253
3097
955
4063
500
3882
7956
3953
2827
6801
5197
1166
6005
411
3508
5514
1452
4699
6415
49
2555
6520
1150
1633
9929
7686
3555
4189
7277
5910
3006
3319
4343
7029
606
2239
724
1894
6843
558
7615
9949
5319
1188
5237
3383
6293
7008
9425
8015
2091
4467
5952
2079
4059
5412
4683
8859
1453
6294
5124
370
816
7755
240
4574
3415
9873
767
688
2071
5218
3887
9114
9284
4895
5598
5404
332
5769
5076
4060
554
1887
8159
2837
8030
6453
4503
861
8604
3283
5491
7052
6208
3858
1732
5401
5373
862
6384
165
3346
3854
5570
3083
9920
7600
4741
9621
504
9363
8436
4270
5049
1855
4977
5540
4417
7744
8745
3713
2110
7879
4818
2050
9120
4600
7675
8957
8693
450
9893
3076
3339
1405
3267
5501
3990
8224
2204
5337
5791
1032
4118
2288
2442
7715
8715
8955
4752
8689
2827
6413
9059
3158
3531
7615
690
7269
791
1171
1590
1364
6949
5141
50
3832
2259
7436
7647
9739
590
8814
8773
6395
3383
6193
3201
6880
7965
5143
7616
1481
2817
5850
1062
4626
9037
5206
4510
7721
7422
17
2461
8748
9372
9314
5742
9324
1577
2644
7006
466
510
9840
4146
5236
2916
1788
1991
7845
5504
7667
9276
1486
624
4823
3823
7540
5410
4496
2999
8133
2736
2939
5840
8131
6727
3396
2261
358
466
2608
7151
3463
1545
3135
7684
60
5464
7885
9123
8745
4667
131
607
4326
155
3706
6587
1602
8779
390
7646
787
9406
5743
1220
912
1812
2846
4861
2930
4438
4859
9366
3352
5668
4539
8690
7192
3552
9175
2485
7091
7116
4561
489
1872
2902
5884
7788
7164
6554
4048
1991
4005
722
5387
7600
4774
4743
3184
2038
8499
6772
3791
7539
6518
8672
9616
9503
3599
9292
7777
2475
1572
7592
2531
1915
5828
7128
9522
2039
2191
6625
1748
765
3184
931
3832
269
7456
4772
783
4364
5757
1218
3102
604
8940
2695
7159
4698
3912
9723
9668
3602
3898
8769
8307
938
7866
5205
775
5811
7226
1825
5274
109
7327
3708
2941
9821
1018
4474
7013
5304
5373
3907
7437
2267
5576
8039
2362
1662
9032
9875
3174
7286
6439
7915
3057
9998
4828
7644
7418
7730
4338
3125
5170
8130
9920
4510
458
7631
3758
1818
2564
2276
3796
1495
5489
3612
3698
2953
1981
8129
8881
2867
5787
3027
7759
3117
3336
3808
220
7425
345
624
7902
7492
7551
7978
5491
7412
8076
5192
4691
9274
228
9791
4522
2674
6710
7077
673
181
7656
7783
2782
5886
3928
5126
1102
9338
2309
2459
7054
8593
9718
8020
9298
1886
1270
1641
2379
1515
3311
3291
387
8203
2361
3905
6840
7324
9576
5698
203
928
3709
7351
1403
3405
2636
6104
1868
2835
2850
6735
8358
4893
2708
9180
7647
5974
7089
9939
638
8108
441
1669
3912
3310
7484
1554
5011
9089
7232
8374
420
4804
4193
8898
7854
9762
2220
9309
2845
5179
1805
9227
3072
9984
1606
3136
3764
5503
7810
368
4403
2745
1636
4431
1089
4616
6143
540
5964
517
6460
3736
6342
5901
7714
6426
1658
4050
7011
8571
9881
5011
6723
9240
3735
2874
348
6028
8076
2568
9797
209
535
1989
4254
50
2930
300
4187
3767
7834
782
9527
9620
6379
5412
3929
5001
5156
8826
8140
9961
3271
9874
7990
8571
5435
135
7088
7635
8893
9840
7984
8520
1706
9569
5811
9381
9110
2683
4278
7869
3135
306
4493
190
2576
2669
9843
1493
8106
5942
4318
5361
3722
4467
8924
9899
7213
2979
266
8394
2607
5107
7155
2371
1924
7466
2116
1199
302
5893
6744
2384
7456
4007
6038
7782
3796
7651
116
3074
8962
2877
9906
9457
3400
6995
7313
6746
2174
9918
1693
299
9524
1932
8188
2037
445
686
2989
63
8819
6217
7708
4677
7610
3451
8229
1833
9781
1447
235
3117
2427
5340
6615
2541
2890
4752
8507
3453
9725
5362
3712
1308
3266
1239
1210
1262
2846
8465
9665
3487
9966
9533
9117
2437
4027
5159
4785
8807
8904
3799
7917
5384
5150
6296
7774
4161
4244
5067
7163
5716
4040
8206
8642
6337
8052
2538
5115
8289
1313
4001
92
2102
9163
5956
763
3875
3679
218
7900
2387
372
5010
1658
6176
3954
4020
7683
8555
5995
3191
9922
8429
8106
6693
9788
9290
5525
1803
276
6447
722
7955
7399
1
3700
4444
1074
9751
7763
8899
8497
1046
2000
8960
3474
805
4579
6111
6006
8018
3836
5926
6165
9034
3605
7749
3670
9864
3765
8673
3057
5454
6512
408
5190
7946
5072
4144
7878
8736
1571
1773
1454
803
9924
5482
9384
1177
3251
7819
7312
3928
9696
9357
7916
5339
8746
7306
5286
3833
2935
7612
3776
659
3355
6285
7574
8405
6236
121
7199
3607
6648
7436
2344
5458
1815
9742
3629
9303
1063
6189
1213
9987
4618
2478
5855
2634
1017
3732
4803
9375
7453
1892
9729
2778
5515
1686
1987
5819
6480
5193
4219
1734
4950
8294
4474
7947
2476
1040
8869
545
5436
5484
9729
2778
5515
1686
1987
5819
6480
5193
4219
1734
4950
8294
4474
7947
2476
1040
8869
545
5436
5484
5617
34
9360
3305
4724
7117
6171
2379
7257
7723
5938
4018
7782
4417
4453
8202
7271
1818
6945
3579
9956
9826
1695
2359
2764
9100
4211
7636
3179
7467
5910
7983
130
4677
8426
375
9240
5986
8644
8633
492
119
7556
4077
1230
2729
3659
1646
1326
566
3676
7414
4147
1003
8089
6755
3332
8702
8218
1370
9013
8700
7422
5932
603
569
288
2432
2651
7127
5272
51
4603
4288
4127
2037
8316
6438
5276
6802
398
1598
2168
6886
3044
920
153
4621
3569
118
9230
4324
172
2808
8589
864
2265
7378
6417
9458
7896
3228
8519
8490
6675
7417
7912
4523
1180
6015
2311
7592
2724
3123
1130
6184
7476
7051
4216
293
6203
2914
6962
3622
2492
7883
4950
1653
4728
938
2066
3905
2193
1236
4510
9910
3897
7326
9446
7068
3503
1437
3561
5817
3631
6219
6094
8936
4819
4910
8641
7146
7334
3971
2309
1606
1384
4932
1631
7550
7015
9362
9168
5736
2996
4464
4276
9678
6459
5585
5691
8178
6961
1373
1270
3326
5643
8603
1685
7676
1218
6136
5532
8978
5415
5384
8963
3582
1518
4825
6419
2892
3348
5614
3344
8423
1054
9037
9886
8618
9283
48
7343
1415
6084
7735
6913
2980
8043
8153
6406
3878
8616
8406
3426
3226
2382
9365
4681
5598
2972
6765
5369
8449
6531
4333
7243
4773
4708
9792
5856
6250
1729
4694
9244
4067
2845
2625
5648
216
1849
5093
7450
6751
970
8555
5518
6289
5589
1650
7300
7546
5009
4248
5968
116
4806
7388
4143
4192
1893
7141
8451
7250
5556
4588
5467
2188
9194
1414
9994
1862
4187
2442
6620
6339
3541
3795
5955
6254
7324
489
7161
9888
7680
9899
8207
9464
6786
8429
28
1503
352
4795
503
1113
4685
1171
1348
7551
6436
1280
7806
3221
435
2631
1471
4981
6366
2832
2623
945
5328
8407
6963
335
3817
4454
1209
2168
2500
1709
4306
4541
691
7719
7640
9692
3234
7381
6906
7901
9612
7452
6329
1368
8621
6721
1767
2694
9364
5894
2246
9942
2031
9310
8125
4882
3639
2359
9788
2080
2668
6807
2628
6146
9852
5371
7314
3481
171
4088
4332
9548
4705
873
2902
406
7014
3071
1071
3960
2279
111
4211
3171
4838
528
2645
9655
8945
9291
523
2106
6944
7892
676
1278
8097
4350
6626
8683
871
1138
6886
157
5170
5317
6728
8670
3654
1574
5551
3712
3614
7237
635
7101
4408
8052
9916
5306
7152
5008
9562
2592
4117
8660
8807
3814
1737
3738
1515
9490
7855
4462
1392
7074
6976
3524
2116
9940
7023
713
6492
4303
9124
5190
1999
9141
8219
905
5426
4189
8586
8603
6067
1346
5339
8047
3662
9360
3746
9292
7349
7563
426
7516
5199
3192
6168
6883
3611
6982
8868
590
3836
6850
9865
9856
5473
2613
5805
2135
9015
434
7716
1780
8643
1062
2397
6605
8695
1330
7335
2246
2354
3147
8808
2723
9607
3217
5427
4897
1440
3948
2243
6274
1357
8891
5952
9327
3416
8491
9362
7714
6073
8994
5268
823
3226
2495
6987
6232
387
3456
1695
5978
8378
38
2598
5291
5343
7733
6144
3918
4436
6224
4437
969
5353
2626
5048
1194
8265
6334
9552
1673
3038
2237
7887
9781
4865
9360
9885
6141
7374
4220
7233
605
7591
3826
3435
136
7348
9729
1155
3530
8344
5120
1124
8245
5579
4380
6503
6502
5467
1672
122
7313
435
665
6178
7177
7176
7220
7200
6489
5366
1047
16
2152
9130
2256
5917
9422
1651
9664
1396
4991
9819
2561
762
7542
5641
8744
2852
2083
2711
3551
8348
8857
9090
6979
7013
7723
7666
842
4342
6159
2880
3272
3844
5913
9999
2226
8191
4096
7844
8095
1189
4803
4998
3790
5144
6517
2180
2638
8721
6275
5851
8876
8925
4107
8877
691
6093
8212
4613
142
7518
6421
1255
8454
3455
6801
8167
6957
2172
8706
5638
833
6642
6253
7641
8935
6899
8714
9806
492
5185
5013
255
6291
1456
2840
4307
9173
1820
1627
2570
7484
2967
2296
3099
9287
8454
8655
1301
6085
7210
9528
9789
7108
7422
4426
7672
2729
3276
8143
1405
2568
5532
266
9051
164
9134
5139
5777
6885
4394
2124
588
5411
2863
4059
3743
1601
8895
8337
5052
4326
4586
9501
9621
9525
7770
6092
8181
8460
2551
1835
8448
8132
8906
3476
1408
9547
6302
9676
2131
9921
3774
2104
8240
4662
5622
2284
1411
8053
3471
7651
2180
9915
2899
782
9173
1498
7078
5752
2858
342
9840
1401
4129
9577
8703
3110
325
7629
3331
7939
7185
3180
4558
4435
7352
3706
2276
7209
5519
2426
9034
6340
2945
9118
9504
9701
3965
9771
1426
635
2003
317
1263
9142
5622
351
24
3478
7383
6249
3457
9173
7624
8599
9477
6718
9176
3333
3424
1857
1203
5058
4858
4650
7068
4222
4917
8012
6408
4620
1238
8490
1450
2826
746
7178
3741
2206
7182
5195
6280
3644
6169
7640
9970
9408
2227
9059
1084
6062
7950
2636
7715
4167
6562
7258
9157
5597
9739
4481
9540
8224
1120
80
6121
350
4410
3255
674
5254
3322
9808
7542
1038
8856
3347
1684
2300
7971
5270
8883
1330
4167
4352
7447
2148
4009
7119
9172
3910
9011
9252
6100
1139
7947
4976
9185
1404
2116
6764
4642
9615
7728
6664
9875
3405
6741
3274
5114
8690
1612
1308
3901
9821
6055
6802
1414
2894
9364
1693
2263
6701
650
3549
2108
8809
4291
2993
5512
626
1973
9465
5148
8843
1010
378
3011
7874
1340
3999
4655
1587
2225
2397
8290
3134
8443
9682
9534
4837
8935
667
4762
1058
8823
190
2883
4239
7230
6661
9894
4727
2530
7878
321
5405
3116
2408
6687
9273
2620
3082
8929
1668
2699
5430
2586
7816
9082
3347
7824
6809
5166
9666
2391
1122
9397
7080
4535
6746
4686
2064
218
727
5163
8103
6216
9340
2599
2874
8532
8536
965
7790
821
1314
1821
5425
4652
1093
4019
9766
1552
9805
4157
9945
7526
1712
1065
4130
4153
4739
6570
1996
5194
9872
8851
4368
2247
7645
955
4600
3954
2155
7834
9472
7201
6929
9759
692
3236
7199
8873
2484
1205
6032
8180
2083
5793
6405
1402
5544
2897
4238
8084
2139
2435
9287
2374
2382
6749
379
8163
9737
5877
9659
4746
9568
5619
8550
9084
4461
1178
9759
1891
6335
9138
9420
8651
9509
8147
2917
8887
5336
6404
5600
606
3662
2766
2049
4503
4389
4931
2761
8272
5924
3235
3228
3096
4392
7758
6628
352
4968
9956
18
4841
6032
7557
2196
4470
2777
2154
5156
5513
144
3502
3727
6550
7859
6882
6667
4398
8936
2332
1719
9879
2375
7901
9233
2524
8937
5273
3015
5446
8878
8692
2544
9147
2744
8409
854
4791
7698
3969
6377
1839
6384
8004
3707
6650
3535
9658
8883
9550
4232
9066
8329
812
4755
4426
6595
1391
7904
7653
6747
2960
1912
5221
2282
5191
4497
3347
5775
6091
5036
4539
2073
2483
8417
8776
2868
1275
4421
6899
4907
9991
6020
7171
5090
5204
8424
7846
5739
4298
7467
6022
8624
1657
5732
5665
9483
5225
9178
3656
3705
2594
5098
4923
449
92
1571
3240
5738
5573
5045
3379
6371
8662
8584
4200
3207
7061
1789
1751
5416
7456
5712
3257
8569
5851
5573
7022
2689
6945
6136
1687
2927
1111
8861
2604
8988
208
8037
8233
7619
3717
4163
5160
6513
6331
6084
6229
832
3383
613
3753
7132
4515
1488
136
7521
3455
8284
6127
5401
9487
7731
7878
68
2363
1180
1061
3610
6251
5469
4398
2265
1116
4208
1879
5575
1125
4677
3566
9702
4371
4968
9650
2377
6977
7570
6545
9308
6616
6679
3636
4003
6246
1061
3413
9050
1127
389
2909
6290
1843
9440
6541
5552
2276
5208
6533
1629
92
4133
6189
9013
7422
1112
155
2371
8972
7542
7786
1420
1461
5278
2425
7211
1219
5232
4522
4165
6594
7202
4259
3212
5736
6820
3411
5468
1616
7090
4868
8665
7221
5584
4655
7024
4523
2246
661
8344
3988
351
8820
6213
111
3686
4045
9271
5408
6142
8935
8852
8718
4868
8456
9726
3571
4865
4965
6011
1482
2993
6696
1915
4404
2910
16
2625
8602
6741
5809
8803
7612
5832
5954
1895
3756
4683
3693
4334
7413
1777
7946
3645
8131
4069
6655
4129
5786
8434
2252
8423
9211
3131
8048
5017
8504
6844
2236
783
7561
6819
5232
217
3862
1271
8154
6395
3748
6129
3530
4900
1881
6432
9361
4749
689
2361
7110
2194
9979
3896
3225
5098
7789
1668
6243
1197
8229
735
7250
3508
7672
1666
2870
1595
6688
964
7638
7020
3136
9277
1703
8647
1527
6419
7889
2059
9112
7839
9752
6231
9679
245
6937
9829
9924
4383
5719
5008
6591
4687
3214
4659
6650
5528
8584
8870
8212
1481
2238
9715
7776
1359
8423
1410
817
4891
8235
6461
3698
9758
5213
571
2689
7952
2838
4827
1807
6959
9632
1490
181
4628
3157
9863
9242
6169
6979
8317
9865
3890
6681
8259
8825
8782
1986
5130
2195
853
4663
1460
996
4235
5136
6289
9700
1088
9888
1573
5367
232
1947
1581
6337
6029
6680
7428
5099
2898
5787
6181
4082
846
688
3769
6358
9320
2899
7466
4548
85
631
9584
9781
5797
2654
6279
8013
3373
203
7571
6356
6156
734
6279
5128
6492
5516
8956
4138
8018
2174
8525
4972
9180
3719
4563
3105
4357
3774
9966
3198
2313
3273
7721
5638
7219
1465
5766
1908
9346
1748
1260
3567
426
3967
7523
2855
7316
4559
6962
1329
2424
4462
1772
9751
2074
3540
1525
8214
4531
4487
7594
113
514
5156
5051
9009
9348
5474
7428
1759
468
1757
1708
9845
3736
9576
9755
2023
4329
3032
1749
9152
6648
6715
1138
9555
3567
7762
1287
5042
2184
2602
3177
706
5260
5395
4440
4607
4270
4128
5627
7508
9354
2086
6310
8049
7945
1360
7201
5127
2634
1656
3821
2611
7990
7238
1425
2570
7929
6790
8708
6606
9834
8392
5962
4300
7255
2101
3399
286
7560
6659
1000
9041
6223
4421
9853
6868
3241
1459
5524
3373
3208
8833
6406
4114
1505
3116
9606
9472
7124
8084
2032
3052
3773
7146
9962
1758
5718
6639
9401
2471
8132
8823
9656
9414
1126
7362
1098
3572
8620
6986
1262
6534
9685
8705
5442
6301
9690
926
1001
5748
4054
8527
6161
423
9264
8898
4690
6211
516
8384
4160
5912
8239
4888
1920
8412
2329
6457
3645
5495
7394
613
2449
2312
6231
2578
8538
851
2267
1975
2811
7974
2632
4932
9800
4184
4859
590
9803
477
1437
4347
2751
4465
5334
918
1585
2121
2072
7856
2381
5192
6055
9977
3792
8094
5137
992
3105
9088
1152
9215
4170
6187
9401
3273
4952
7878
5454
2065
3745
2066
1902
313
9064
5031
1520
126
5900
2332
8122
3780
9591
55
797
2699
5814
3886
6711
9877
7180
8747
1354
8925
5884
6393
4759
314
8431
2629
3892
7245
7464
9055
1711
9055
2377
2119
472
7609
1906
5721
7174
3258
4783
867
729
5500
7238
8735
3158
2010
2528
1592
9392
6047
3993
1509
1580
6329
5015
348
6995
19
8117
7442
4913
5275
7697
6903
2693
7534
4034
3766
5117
6157
5335
8824
2156
6178
6985
8383
2832
8547
7537
909
8653
2560
4440
8677
5951
9444
7352
3584
5282
2395
6745
4476
9483
1941
1313
6294
9697
4495
5070
371
4628
7933
3937
6945
7619
722
7041
2780
1128
3138
739
5480
2784
6132
7384
351
5975
2877
538
2420
714
7021
6276
7582
6130
5397
2941
2538
6455
3191
5349
8022
7391
3866
313
3861
5080
2554
7466
3142
8512
6655
1829
3092
7868
8443
5043
3311
291
3271
4877
9444
6618
5794
9278
7089
4311
7699
9357
4321
8183
1872
6757
519
7927
611
8149
9853
5348
6051
8647
3861
8128
4452
6944
2214
1167
9907
5925
6328
4355
3366
2332
29
5249
7440
2394
4550
4411
6095
1622
8815
5705
4547
5730
2248
183
641
610
9302
6264
3080
9332
1083
7587
4161
2137
9813
7767
8149
2147
337
5742
9405
2397
1710
9249
4273
185
9696
2137
9278
7483
7229
9104
1870
333
4007
6012
9943
3763
9801
5734
4955
1971
5639
70
7360
4711
5896
7040
7605
6123
8843
5568
930
1621
4995
7313
1141
2344
2496
4786
2297
981
1866
4843
8671
3407
9362
3665
2668
7254
9402
6812
8046
5030
5196
5481
29
3832
9283
5306
6604
6049
5655
1781
6260
9552
6963
163
7540
1704
4478
6561
6773
9911
7477
4452
6451
8222
6059
9974
8089
6417
1686
8102
7819
9272
3683
5885
390
6234
3728
8278
2333
7792
938
7804
9290
7493
3352
9107
2489
9279
6551
7291
5980
3701
5862
3531
6743
6457
8228
9833
4493
428
8607
6344
2981
6775
6620
1993
8173
6229
3148
6238
2616
8963
138
4126
3
7915
626
345
8185
7124
8786
6664
2632
7253
3207
5845
9761
2425
6968
577
4748
7073
5192
5928
2802
8464
274
5694
2929
5414
5974
6548
2954
1192
3212
1510
7231
1804
5636
732
1132
542
3969
1318
962
791
36
3758
3565
8859
4915
364
8649
9527
3651
1896
7066
9698
8351
3268
4737
3731
8217
3797
3523
3432
256
5146
9621
831
3208
5340
1380
9734
3152
269
8762
3005
5860
8287
3802
5867
6731
8089
6160
7467
27
9990
2288
9708
5740
1061
187
4659
9615
9137
3719
8326
2065
4194
8243
5996
2121
2503
7436
3551
7130
9827
9127
8985
1410
9258
801
5731
2928
4214
4938
9799
9489
8662
7561
6453
7622
2777
9573
2378
2522
7467
7020
2801
4736
4913
840
5405
5325
5299
7661
4815
4120
8817
6733
2075
8833
8754
8655
2952
6990
2205
3978
8584
2839
2492
9813
90
3390
1340
7295
5408
2957
4801
1364
6073
532
1008
3085
7320
213
8411
1708
8451
2613
2872
9544
7462
5845
4490
2235
1459
6251
1702
5007
9551
3400
212
8577
345
4926
571
201
6702
6120
7245
4612
5833
6393
324
8519
8928
1431
7750
4596
5655
3909
3499
2977
6514
928
7417
3723
6799
9662
7132
1830
9948
8990
1616
4320
4243
9884
6701
6465
9901
9623
3438
7123
854
4418
8400
2937
4416
5295
4906
9412
4998
949
8023
3054
9028
7738
2270
9729
7050
2432
941
1027
7743
1496
2803
3403
6705
8323
9701
4151
6750
7830
6359
8013
4287
6327
6545
6539
7539
6123
6986
5571
5731
7384
307
8681
1242
238
5585
8646
4340
6175
4583
3844
5716
1390
2878
7260
4307
2694
4862
2103
2032
222
3679
7301
732
7997
5628
3225
6442
8431
9102
4038
9927
119
9916
3306
2709
345
3625
5290
8396
3096
2263
6204
590
1017
2585
7532
5041
9542
2225
1515
5205
5211
5216
7634
8152
1454
2613
9710
9306
6228
463
3146
6584
7296
4023
6738
8103
1036
7687
3642
4043
898
1998
7270
6878
4817
5543
5362
4075
6124
6097
7605
1358
6705
6276
5079
1628
7492
771
7469
9708
9915
7558
3462
3838
8924
965
302
2266
4680
2201
8136
5116
4618
8020
7152
1440
3906
1381
3063
8614
237
6365
9165
6668
5942
3692
7748
3056
2429
5792
9715
5852
4625
270
1841
8168
3653
116
1140
1867
3916
3563
519
821
5831
6066
6282
9934
2862
1189
1273
4132
1400
3462
2028
4185
6038
6201
5192
5478
3169
1077
8159
3001
7245
5147
9534
5057
4741
7945
6460
8942
9270
7726
5988
6177
9612
5596
9801
771
7850
3356
9996
631
226
4706
2616
8102
9169
9339
7238
880
9361
6798
5938
2314
6265
2690
9609
4095
9857
5895
8981
6310
953
2300
9193
966
1228
9491
3039
7629
5394
679
6822
1139
6995
2506
5762
9234
1025
6681
1427
9986
1146
1219
8895
9000
9380
6183
7365
9700
5889
3506
7503
5770
5189
4356
9668
281
8928
8870
1923
8533
534
7430
2595
5763
4410
7540
1176
6168
6241
1680
6599
9113
4511
256
3918
1828
3309
4566
8449
2938
6887
379
6778
2753
2750
7281
5683
1094
512
8008
1474
768
304
9932
5121
8449
1141
9104
7293
2825
4684
94
2585
2651
7669
7306
5607
9829
8095
4190
3793
6631
5171
5161
9690
778
8822
813
7550
7296
8229
4106
148
7924
5894
8818
870
4696
3742
7336
9094
2982
373
3346
7706
127
8655
375
8979
2926
8416
7726
1599
7033
8277
4655
75
8894
4657
5097
2273
2880
4021
9897
8542
8225
310
3236
8568
1973
7877
8748
8185
5955
2695
325
1503
475
9686
2069
1000
5267
3758
1953
5601
897
4146
4938
3253
7163
3718
7315
6318
1840
9376
4583
2723
3283
3316
5007
3902
1584
5355
259
2059
4409
7362
5763
5415
4728
5888
7804
3286
60
3392
2552
4322
9067
3288
8344
5699
8283
9872
6367
2753
4108
6433
2549
6136
4404
7225
8645
7856
9445
528
1545
7265
1186
4857
5735
348
9419
9632
734
7497
5864
8005
4968
4950
475
9966
495
8231
865
9797
3905
9552
5044
5372
970
1840
6619
3125
1680
3994
5927
7232
4031
2588
6420
1261
2252
3282
7728
135
52
6873
5621
8129
6722
7287
1513
7881
8630
979
5038
1067
833
3156
181
1722
1926
6349
451
122
1945
2457
856
8149
2882
6694
4293
8722
2295
2808
6215
4589
7127
3782
1362
1270
2501
9939
2830
7138
3335
2917
6796
9932
2338
7984
4602
995
4514
9135
4906
3119
1670
8213
7465
4826
7522
863
7448
5775
421
4670
6257
6746
8995
871
6068
1377
9304
5817
7115
9433
9032
5166
1792
4837
1731
1752
2246
3897
5622
9376
5750
997
2609
9089
5092
8181
1823
2226
9384
1830
6375
6357
2962
2589
1444
5368
3388
3714
5446
1953
559
4852
4257
1828
1571
6107
5905
9655
9066
3326
5518
1392
301
221
8963
387
2304
1503
2382
8228
194
3008
4757
7691
7617
613
7067
9279
2094
5886
1563
8133
1703
1553
8430
2393
4311
6098
5795
9880
2964
8230
9647
8202
6888
6448
3621
4835
2124
1473
4191
5829
6941
4367
1083
5027
6048
5224
6841
4533
7039
7885
4475
8099
3966
2542
2343
3345
8698
1950
7415
2513
7614
569
657
8081
6415
1312
541
9073
8354
4991
3065
3054
8465
4624
158
7925
3342
6518
4368
5881
7894
7482
5360
7972
5578
6290
3728
9721
4250
7491
8489
2557
7095
2037
8333
48
9566
7012
6687
8706
1636
3210
2571
8981
8328
7273
6460
252
1829
5446
8455
5440
4216
88
85
680
2942
1908
4064
2977
4085
7076
8760
4608
512
7825
9120
6200
7850
7736
5920
1966
1469
9602
9952
5148
5024
7151
8959
6714
9635
2684
8808
1281
1167
4223
5485
1534
9094
2833
8448
3977
2202
3066
7332
4926
863
955
1509
4420
2773
3097
4542
4789
4591
3333
5613
7144
2288
2148
6371
270
2201
3065
3054
4706
2156
9604
2481
4807
1729
140
6865
7945
3157
4049
4680
4434
8264
5981
9485
9653
6607
9738
8283
5197
3891
5318
3685
7679
5720
9356
5207
587
4928
7093
4645
6570
7941
3959
8188
1789
1134
2449
9999
5986
504
5196
3422
7875
1787
7696
4310
5583
9916
5462
9598
4615
2545
8355
7657
5619
1106
4949
5250
943
8976
2506
9404
5744
9425
8266
5123
1043
2446
2820
7572
175
8603
3691
3819
9207
457
7903
729
5228
8805
7347
5037
8248
7139
5429
8526
9611
5619
1457
1266
261
2539
1587
6022
2491
2580
5370
6129
7821
3681
1154
8098
4365
2237
3680
7855
4778
3602
8327
4100
2246
7971
8045
1813
6484
9042
7840
970
3545
5983
4883
2257
5258
1312
9011
847
1690
9912
1170
2081
9929
725
6649
3731
6068
5511
7470
9554
3023
2158
1423
900
9379
1164
6589
9449
8145
749
1040
3265
6183
3575
9852
9544
8319
9816
9827
5540
9015
5965
5652
8765
3350
6291
6896
3506
2910
9341
4188
3595
2595
2576
8056
7892
1642
8689
4338
8568
7343
5289
5078
8136
3542
4615
7000
4293
203
2145
2092
472
2796
568
2395
433
8270
157
5669
1988
1306
1931
7078
7328
2452
199
1313
1225
4689
299
5089
2671
7114
3525
8303
1774
4183
9665
863
6283
8025
5438
7215
604
8579
6062
8641
8192
9900
4762
244
7092
5413
5504
3776
6357
4561
9990
4138
6194
3016
4090
6300
2292
5569
6258
5923
6645
2871
2049
5135
8903
5863
7880
8916
6454
7587
148
1968
1921
6971
6114
4311
7493
5080
7375
8200
155
382
5619
2007
8605
4047
2249
8689
1230
8886
1283
1494
8719
6057
4225
1684
8085
5602
7447
2316
7599
1660
7076
9120
5141
5902
9195
5667
7055
4765
8039
3519
7412
6080
7656
7206
2902
3879
8215
633
9048
516
2113
2387
3674
1159
9895
5086
3531
5817
2426
8847
3173
2373
9620
2938
9605
221
1877
3278
5105
2501
2523
868
2081
6270
1281
4962
2190
5225
9575
765
7101
4456
4879
1043
5111
3337
761
3945
7383
1327
4208
9552
599
5137
1104
9115
6714
2211
5929
1897
5676
3177
5307
8034
8314
946
7065
2747
8538
2734
8412
5775
4802
7214
7840
4941
6410
5964
2133
40
3480
8472
8460
4137
269
2372
541
8078
556
3270
8101
7874
7110
833
190
3925
2002
2069
5613
9940
6434
3985
5710
7043
1029
5585
7665
4143
3143
9306
7677
3501
6825
263
9132
1872
5478
8261
7893
2210
8165
7687
6882
711
4541
1724
7884
5729
8297
9533
5644
3356
6850
7431
1363
8153
7815
3336
7674
1979
5647
1547
8363
8644
7887
9810
256
8652
4918
3
6055
4207
1600
2336
8949
9185
3706
620
7448
2973
8787
4699
7652
5211
5438
7073
4347
5838
2502
6139
6824
1549
53
1082
5090
3383
9122
8583
7338
3290
6857
6555
4789
3229
7106
3702
4305
3405
4517
9856
4501
2955
8135
2921
4064
2269
2876
8763
4529
7958
1250
6076
3000
6679
3990
1601
1631
5514
7702
3970
7618
5698
5304
7623
9141
6902
3860
9073
9446
3701
1125
4435
1246
7671
7863
22
4947
2805
9044
5056
6473
4736
6316
3253
6470
7354
6571
2009
3073
8125
1428
9033
8380
7109
2311
9955
6318
1250
8072
7906
6474
6154
3739
9321
7579
8132
9857
10
6332
8349
1870
2425
3960
2142
9362
9961
3416
9100
8231
335
1187
171
1637
6114
4512
5963
1266
3781
257
9415
1699
3824
8807
5994
4665
3593
7493
3389
2747
9938
5551
5217
2134
2958
2168
7154
3498
9865
2272
1534
4497
5568
3557
9546
2338
8069
2249
2558
1395
1409
699
6170
4282
1766
8866
5258
6685
6514
9441
3028
1792
1109
7103
4525
2552
2526
8997
6727
2188
3778
7753
5163
1097
170
7789
9700
2064
3473
860
784
3047
1838
7991
6841
7675
7780
2796
7975
1414
1525
3296
9855
4664
8397
3465
3606
330
656
6710
1067
1972
6529
7276
5092
8636
3640
5103
4017
4387
5816
7716
3834
9763
1872
531
7179
6292
4361
5808
3519
3082
8854
8955
4327
235
3856
3688
5727
5124
8331
1969
4572
805
8833
759
733
8327
4775
3919
9651
4902
359
2764
1187
9830
3143
344
9908
3469
8442
583
9151
9710
2553
7696
5708
9419
9617
8850
5043
3226
2168
3473
6177
1895
2252
6024
2806
2509
2185
3107
3957
1156
2122
4937
2890
256
5307
8259
1789
8220
7691
8846
907
562
5657
8800
9399
2873
5876
4091
1370
2556
4475
5
5871
9500
5035
2757
1901
7055
7280
2656
2159
3643
3861
7238
5533
7296
7876
8085
5864
1014
811
5064
9442
681
467
3383
3834
9680
1587
121
231
3186
2518
7285
3837
214
7342
7051
5199
313
6697
8555
6015
4876
9324
9263
3013
8249
9087
5441
5650
9961
1792
2597
5269
4085
78
2609
1679
4841
466
1651
9899
4389
9336
9931
5684
4864
8500
200
6942
5806
6953
9377
3599
9618
9135
3482
5128
9708
9663
1526
8094
9811
549
7169
2959
2181
7386
1061
5413
393
7214
9177
8074
6137
983
3344
27
3757
556
7025
73
841
810
6903
1439
3865
9799
3272
5720
9167
2116
9974
4885
8528
5122
5495
7487
6585
5713
1876
1470
918
7785
2037
1854
1730
9233
101
4525
8493
6396
9277
5775
9157
7264
4173
976
1901
3443
6315
4371
7944
9455
7474
3740
973
6469
2250
3438
1601
7083
2908
2774
1222
7587
2164
1361
9270
9363
1094
6417
6662
742
7215
9641
7100
8563
5091
3601
4142
1851
185
2701
5344
7339
7908
99
9890
9234
4849
9231
7472
7140
7207
7112
4871
9912
8840
2401
8633
7223
5414
6026
2232
7908
1066
5520
124
6165
7046
1984
5821
189
4988
8205
6636
1234
805
8533
4003
6109
5055
1712
6718
6574
7872
8132
8104
1743
1342
9442
4526
3211
9987
8773
3206
2450
9105
5990
592
8062
2923
2271
6016
8597
7571
5722
1695
4385
9953
8800
4307
6949
1729
6586
2795
5925
4948
2428
2764
4021
6780
3132
3206
4258
200
6303
734
1733
3962
8273
2428
6999
4660
5149
5456
5718
9233
9760
2136
5541
6330
303
4020
197
9935
4015
2933
1218
5093
9436
2232
6991
9775
3876
3502
1865
5221
3312
6747
8007
4688
3822
5768
6830
8215
8783
7623
8010
8698
4062
6149
5253
2801
1770
9018
6001
7675
747
3298
7760
7195
3174
6483
7305
4638
6824
2510
4600
7515
7400
3765
2080
430
270
5102
8295
1322
7442
7549
2886
1971
5721
6475
3581
4461
1504
4315
8183
1541
6022
6122
6859
1632
1305
1181
1194
6207
8508
1947
3671
14
5894
8522
1787
4906
4432
8361
5240
5630
3408
2795
1977
6645
515
3471
6615
158
8637
6016
2916
1133
3827
7367
6170
9798
2395
2499
3052
3595
8035
2530
6475
5220
9386
8807
3006
2384
17
6357
3153
4103
4849
2915
2763
9250
4659
9029
5980
431
4012
2527
9734
7497
6697
7090
6091
3130
9843
1101
6660
7656
7160
7787
6024
7063
1099
642
8647
3207
899
538
9080
6995
5918
7031
3926
9825
3225
7624
8782
6429
5487
1123
4611
8241
9297
3512
2272
1462
2312
2743
967
1031
5221
9264
5484
4652
5096
314
8251
7138
6140
2680
5187
7098
5733
3883
7153
9853
5022
7833
3763
5557
6762
5151
4538
9945
5319
761
748
3605
8902
75
1655
2694
1284
9623
651
3491
6438
5676
4653
9193
1659
2244
3998
5150
7713
8342
2652
5516
9359
8153
4176
2868
4954
7198
1001
9871
3070
3629
7183
6169
8515
9368
4668
1565
4218
3656
9209
4775
1498
8076
744
2132
452
1553
1114
6206
4625
2756
3039
5860
5626
732
3320
8284
1551
2157
8961
1082
7995
3930
7378
1150
9829
9108
5759
1924
950
8367
6185
9826
2500
6625
2727
2993
6069
1741
9695
9796
847
9101
1564
6267
9638
9816
7892
3385
5577
2253
6863
9542
6147
7866
4419
2438
6476
3595
9618
1334
1862
6267
1768
957
782
9972
5480
7413
2123
1883
9461
1741
4695
1380
9008
3155
9832
8080
7111
4282
7419
748
8499
2812
4783
4575
1282
1119
4745
118
2459
6934
622
4826
8793
7343
1503
2716
1832
1595
9651
218
5455
3174
4814
7362
4069
5744
9326
1188
2274
2769
6428
7113
8713
2253
2106
9964
9265
4447
5588
3511
900
9141
1854
5382
4484
6136
2003
8591
6483
8522
3987
4169
2664
7151
9741
3644
221
2240
562
1360
4524
2113
7878
7991
7391
4476
3873
7148
5564
1672
2765
4098
5555
6286
7667
2307
4806
4118
6045
7312
8359
9340
9189
9925
9081
6243
1649
9353
8707
1372
2724
3068
6619
3723
2718
6199
5023
8638
6836
8832
1471
805
5106
5020
3747
5089
809
8017
4345
1282
3242
5550
5428
4913
3157
4538
1379
2385
1206
6297
3589
2327
9090
8771
373
3374
8785
5172
270
2640
7212
1101
3536
4878
3686
2539
7436
1366
199
9115
8105
7127
7808
3274
3084
9503
3008
4110
8756
8523
3840
3478
5208
4293
4758
2638
3807
5799
4035
9551
3670
297
374
6910
8907
4024
6504
2929
9584
1129
4709
184
1541
5141
8809
8205
6580
4956
7278
6680
10
9508
790
5626
300
1519
5571
1475
786
3597
7715
519
6833
2953
1055
7186
268
4092
2166
6717
7476
2258
552
7537
1247
2427
2596
4187
6931
9307
2461
91
6340
2122
7826
7373
7498
5675
2851
7434
1085
2351
8674
9727
6316
7009
9904
6160
1121
6027
1930
959
8869
3222
9560
6888
8351
6992
4999
8638
204
1038
7940
1325
6169
519
7409
7042
4743
7641
4150
8626
241
7675
4346
4646
4864
2474
9200
6495
4679
3711
7095
6057
9434
6056
7197
110
5064
7581
4261
7778
5483
321
1130
5853
4003
4836
4930
4395
6267
8764
2982
2358
4638
1613
1219
9089
3494
1447
2157
9688
8815
3863
6879
7540
89
3489
5941
5262
8559
5906
475
5812
5672
6361
6688
4026
4131
5695
5104
8533
7615
2892
6356
4690
3190
4423
7988
239
3607
4872
750
6197
737
5818
1209
1206
5688
1539
5408
4477
2224
2237
1190
8557
4655
5344
7431
7482
1706
8597
8550
6297
1766
8031
3480
5495
9606
7532
25
4189
9458
1697
6466
5059
3919
9507
7545
7395
6634
533
9055
992
4353
2915
760
574
3676
1919
3330
4082
843
1969
8052
5500
5735
397
415
84
2624
8108
2937
8459
1253
4973
764
5909
7126
4024
321
6711
6377
2192
2043
5914
5351
5307
5366
3232
1082
4877
8075
2611
9900
7693
4618
3461
1658
9429
9690
4291
343
6729
1188
3536
2417
7452
7957
625
3729
6619
8855
9296
687
6011
5307
9697
9635
1843
3503
7865
5961
6332
9911
1071
5406
3926
2833
6064
8466
5503
4842
2673
5284
756
6447
3506
9700
678
5350
2067
7077
7882
8149
3629
4286
5953
6215
4302
6335
3746
8340
2923
7469
4997
1513
4370
5772
1477
7511
7626
1969
5127
5543
3236
1855
7131
2402
117
2388
1069
4619
1202
5617
8526
6234
3377
8833
6906
4022
3488
6935
8598
8024
2235
9447
673
5607
9832
4394
4642
7932
1330
6436
2501
7527
1456
6503
8969
8426
6235
7536
9598
7340
88
5571
366
7043
5326
7528
3881
2433
9153
1481
5650
7066
9098
7333
1300
3890
7075
157
8044
2338
6951
5383
7293
4980
9508
7259
8030
8486
3013
6272
8870
2782
4902
3345
5977
8337
8885
1986
2526
3122
7936
2183
8778
7983
9249
8883
6420
2189
8346
6186
4986
1480
3536
6399
606
8107
4139
2441
2984
8972
6747
3104
1070
5364
2608
3338
9922
3579
1401
1608
2458
2566
5953
8431
6170
6989
6142
8232
3499
8716
9400
4440
187
612
7775
2234
1117
4943
9759
9160
6028
173
4195
4015
4241
513
6261
9132
1532
1784
8367
1406
6763
476
443
8982
6688
9443
2835
3821
4498
1682
4106
2505
5989
1930
3719
1415
4463
3833
6321
6249
7857
4991
3589
6687
3950
2699
9937
4513
5545
169
6241
309
9066
1292
9151
7039
7913
3753
3104
7205
944
4486
7397
2768
9271
1463
2373
4467
9845
5465
3649
8263
2699
9726
9666
2405
6753
1247
1174
6808
4117
3248
8103
912
1160
7337
8657
5703
6012
888
4143
4756
1337
1802
8774
5838
4568
4604
1940
1620
8428
4304
3232
8256
338
9595
403
6057
2508
5450
9404
3667
7634
4146
9406
4152
2986
2450
7281
1848
4235
4191
8838
5070
2604
9271
1966
4406
8757
8400
3302
2270
77
9785
5668
4260
4912
9848
5101
2135
6590
9941
3679
3102
1586
2191
794
6632
5265
7240
4758
6319
2105
9186
2535
4627
8948
7248
3203
5624
985
4903
2799
628
8243
2318
6697
6012
5334
6520
7858
6989
7405
3103
5924
8263
8002
7043
4454
6044
2533
8354
622
1287
5766
5908
631
5253
4759
961
8854
4470
3578
6020
9895
6259
7266
9138
4653
4137
3204
5050
9793
6189
6770
7161
4667
7001
6504
4725
4623
4318
5337
1255
2220
1238
4684
2863
4344
5088
7119
6876
9016
936
1549
3147
1119
7979
2082
470
7200
7857
5692
3681
1271
93
5658
3158
4468
758
8959
8258
9256
260
7089
3253
2582
8165
843
252
6131
8584
6778
4556
5734
2175
7697
8479
1275
8246
9709
6139
6468
3920
957
8300
9616
329
2276
6881
3963
6580
2062
728
2052
7164
8391
8372
5881
5448
5645
6046
5882
4116
8719
3411
9334
9670
342
4432
3220
922
3884
649
6576
7323
7698
5787
5277
7493
1905
775
4902
5764
3251
4744
9757
3680
3714
232
2119
5802
8627
9434
6093
9909
2120
8651
952
9285
6693
6462
579
1088
7690
1271
4043
5072
5257
9878
8299
7070
8231
6597
6762
2979
9314
5845
286
172
260
2211
3514
5724
1520
7485
3791
8599
8913
4553
3990
2002
4278
8780
2114
6442
4827
5646
5515
2403
2020
3474
8536
2667
3058
6788
4931
4239
1651
5486
6403
6478
2437
6011
398
3185
8298
9082
5371
7020
5593
721
3232
9328
1814
463
3437
8053
386
6656
2392
6561
39
5453
9622
5642
9864
296
710
8120
8949
2570
1864
4809
5271
8507
6234
9556
4798
3769
5491
2703
2692
9251
9171
6591
8870
2142
6078
7018
2559
9797
5393
2947
714
5878
6482
17
6774
5205
8466
5816
4962
1367
4111
4518
7581
6097
5566
8166
9676
5071
5445
4351
3981
4150
3053
91
3062
3564
1310
6902
1334
7606
4654
6566
5420
7836
6262
1213
7901
1735
2331
2867
2684
7004
357
5574
394
9007
7973
336
4553
4957
3476
9800
6563
4520
6534
6785
5402
5851
4528
9643
4196
1529
3850
4245
7170
3455
3190
1082
2245
2655
3069
2507
7855
5567
860
6798
743
2112
6004
7906
9845
677
5400
9928
3791
1216
3130
4345
132
9120
9548
7704
5349
3603
176
6259
7585
3873
101
4874
7435
7307
6425
6423
3154
1719
9203
6660
1941
5510
978
5397
8511
8456
3709
5139
9527
3719
6179
9888
4687
9935
6324
8808
8764
6566
745
9298
5677
4896
4518
1072
1768
8673
7786
1890
7189
593
3788
7610
2513
3509
3206
4735
5886
9339
9128
4803
5827
9746
6900
6533
4260
7698
1448
8578
4825
9965
7112
3572
4968
3164
3079
9158
755
2606
8033
2859
1574
8762
7891
5248
6960
6548
9849
6592
4685
972
6901
7449
467
6759
7680
4788
2058
4176
8562
4800
8362
1703
1022
5205
6267
711
2664
4929
5597
5361
7599
1486
9166
6906
5516
6611
8892
1590
1034
5833
8776
4514
7855
4461
3961
5119
7968
5793
5128
3155
5477
6142
1965
9378
6670
8164
6290
3036
1854
3552
6534
8956
1813
5077
1617
2938
1015
2116
9561
7071
2301
6851
2861
6541
687
2584
2110
3210
5234
530
6797
2673
7285
3884
4312
3239
5947
9196
4349
8640
2843
5701
1214
3786
1970
8209
9358
1217
1221
9508
1745
1568
9369
7004
485
1002
2185
4328
7230
1859
8940
2897
2492
2457
4807
473
2574
57
6031
2098
7738
1401
6167
285
238
1541
3391
8133
1010
3743
1113
8900
7387
3766
8233
7083
7688
89
418
6069
6122
4099
5228
6129
6119
9379
2371
1219
823
8210
2268
3691
849
8609
7421
7468
3368
5274
9387
6295
9397
5873
2464
8020
6631
9761
4750
8226
3025
8489
5727
8483
5018
4201
9497
5913
3142
2426
256
6881
8491
1510
9828
2905
8090
6266
3280
3068
2678
778
7680
9747
7343
1812
8193
8901
8424
7518
8039
2161
8727
7233
8354
3664
252
9603
5926
484
5896
5589
8625
372
5473
139
6155
1153
7501
3273
1071
4795
458
8189
2043
4955
93
46
4717
1181
4781
6110
8122
3650
6218
6066
4264
2518
3988
4173
388
9465
6256
1587
543
3123
4335
745
1559
3131
7517
6465
616
5436
4410
9454
5440
9012
3724
3265
3966
1699
3813
6998
110
1151
8699
8925
6830
6638
2892
9508
1359
6239
3725
577
3358
5446
7153
6588
7611
2598
2297
5786
6298
6017
2421
8624
5973
22
4536
5358
5435
6612
5486
6628
6679
5511
9700
597
5002
954
7530
8602
5303
5291
2477
6516
7665
8780
9327
5076
3437
5556
3264
6218
2740
2707
6227
5335
269
3091
2161
6727
2529
8642
5865
4428
7651
7353
2295
613
2901
4516
3549
8455
1281
8590
3741
8715
1431
8797
8822
9242
3812
2215
769
7359
6630
2136
5842
5615
1358
7039
8727
4319
6052
6296
5588
9427
7765
492
6053
7029
2374
1848
3485
1258
8027
6670
3169
9853
3796
1177
5311
7693
7408
2558
5154
4382
9878
8463
8658
2336
1270
104
3688
7261
3331
9383
7316
4255
526
9660
1967
3296
4502
9800
1628
6549
8405
7593
2983
9553
7859
8387
2257
8675
3581
9545
8515
5854
6294
4350
7464
9866
9963
9280
3195
4138
2220
3473
898
417
7473
1567
5858
9106
6610
8380
2607
6401
8623
2457
9554
9586
394
8167
2730
9526
3695
4506
6876
6951
655
6595
9978
9611
902
3373
5432
830
2337
1880
2132
7029
6410
9282
9477
5175
7291
8510
4335
1657
2854
4442
4245
3394
140
4701
3009
1672
8281
5378
5773
4885
6769
5611
7798
9879
875
546
819
5849
8540
2539
8487
3560
4452
7184
2774
988
2664
9219
9507
8199
9566
1474
8868
5701
4946
3304
5906
5294
570
6471
4677
4729
4356
822
3395
4944
1923
691
1468
3965
4616
8699
3898
8207
6869
9250
2628
6488
5933
878
1909
5650
5162
8146
4802
4421
1005
1696
8070
4448
3306
7649
1728
5650
7302
5809
7624
6330
2971
4584
3534
4373
2998
2262
8281
4873
4366
502
8564
2394
2740
4123
1768
9206
4362
6236
2933
1989
1573
6302
3506
1215
6050
5131
2394
3766
259
8586
1607
6525
279
2784
3410
1425
7124
7577
6739
9790
980
9105
1978
1183
5021
3816
8566
1970
6417
4972
1183
3649
1921
9540
7173
4894
5308
1482
1640
8521
9957
7954
1983
233
4358
4151
7349
1773
2028
7875
6882
82
3560
6189
4889
3755
3421
8812
3031
2872
5110
6067
5240
5788
1727
4806
4466
5934
8741
5511
9037
3250
8513
8316
6826
5358
7588
5453
3694
3900
3393
9944
7167
8139
1270
7373
928
2809
9634
9882
8221
5033
3024
6820
1078
2562
3701
1023
2752
4742
5851
9936
7150
4783
1580
8460
239
6742
7054
3997
9023
6649
1145
1785
4587
1117
5969
5924
8507
5674
6436
7335
299
7990
5309
5163
2830
8115
7681
568
7765
8269
5199
1294
7423
2923
7805
7371
8862
2351
5452
9525
1293
9158
4416
4322
3369
8753
7278
6528
396
561
6928
8915
3637
5375
5837
9887
8091
7873
7318
9963
5401
3280
4857
1402
4231
8871
6567
9267
3512
6665
853
8631
6706
3366
8700
1951
8580
1138
5096
9684
3915
9437
3753
7676
3365
2650
133
8099
5117
3963
7165
1696
7243
8045
4442
926
8191
1692
6123
3773
3285
4066
9077
581
4108
7859
7198
5000
6172
1272
6924
5170
9137
5969
7839
5682
8514
5510
8843
1230
4028
8516
7035
8329
9833
3172
8698
7764
672
1472
1442
3560
5571
4377
1300
2746
8361
5350
4919
8463
5102
4776
5781
1325
240
4976
2664
4344
6717
6739
3934
9294
1859
3301
9537
1281
7787
2089
1821
3925
7228
7066
6310
4962
3866
9698
1384
8492
3410
404
3941
3653
305
1232
5702
1803
879
9102
1812
9774
6906
7100
3679
4417
1733
1746
5196
8741
6685
6623
3834
4119
7396
3238
1274
8879
7781
9050
301
899
7113
4820
4254
153
322
1660
4904
3413
4085
7866
4028
6931
5635
8447
9263
2521
177
6826
3945
8572
7369
7837
60
9886
2273
3374
8595
8131
8921
9151
344
701
1931
4757
2710
2769
835
4184
8083
6645
7270
9917
5860
1207
3599
5294
8304
5704
4168
4264
398
6742
3300
4620
6409
6641
2382
2011
3194
2114
1069
9274
8110
434
2055
4696
9992
9609
1840
5162
5875
1109
8498
9741
6913
1668
3491
227
2964
331
3725
8897
8182
6647
1137
9537
6617
5662
7436
8183
2299
3198
5195
4895
9893
1259
4822
3023
3738
9355
773
2978
5976
6808
9721
9951
8128
964
163
5177
8315
7830
7701
806
1395
5914
1276
4378
6490
1989
1571
3849
9086
6156
4278
5228
6116
3660
5282
8154
7163
2419
5879
8592
274
6160
1958
9161
5560
8438
3200
1054
2127
3135
3736
5036
4883
4758
928
3366
8592
8333
1060
4218
7542
5505
9768
6284
5649
6750
4529
1123
7947
3710
8359
4037
4201
8146
4141
391
5178
3701
1684
5957
7021
147
6677
4628
3930
6655
8108
6341
1336
5057
1736
875
801
9080
3212
5466
2239
3123
7580
6769
8649
4981
6494
434
2900
6034
4295
9655
4664
7965
6775
7895
5768
2923
402
9888
43
2361
2386
1955
191
1069
8301
8448
1399
3137
94
1117
2846
1147
8906
5076
5216
3300
7912
7313
1185
9533
5572
3958
2798
3523
7572
6320
4268
692
6050
1395
30
43
9334
6619
2278
5724
9606
5614
2751
8493
8587
598
7511
8906
546
6077
7726
9122
3115
2833
5545
3972
1927
1775
1533
1779
4045
3924
779
4826
2070
6396
6505
7558
1330
1963
4689
3331
7502
4367
2031
8041
7272
3029
6234
2247
9997
4455
8108
100
9827
3029
9199
6656
3470
2836
1450
3350
8210
1526
192
2047
3398
5406
6336
5033
9870
7886
10
1031
795
7777
840
5398
2893
9709
9563
4382
4256
7577
3595
2897
3674
5513
2272
4659
1768
2738
9088
7097
980
3791
8107
6815
1199
358
7178
5545
4150
9341
1257
292
4363
9570
1181
5661
1675
7613
4703
64
9015
8818
9986
1700
95
9222
5101
6823
5003
9526
1538
8031
306
5428
7562
6264
8264
7456
9028
9848
7002
2040
7235
3145
524
6694
8597
2367
9315
1608
173
7073
6682
1144
3421
9131
8721
1461
5257
6447
2125
8945
8832
2621
3171
9643
565
8224
4214
5495
4022
5526
9646
9708
7200
8218
3129
8042
4538
2226
1619
6344
1750
1446
1920
20
3696
2547
4139
4048
6515
4880
2177
8281
7727
3615
175
9283
4115
3639
1717
5887
64
8878
6083
8965
9505
3095
5834
6905
2286
2003
9738
6663
5835
5477
3008
7475
2148
8334
3525
1916
1477
4493
1649
4638
7996
1018
6507
9500
2200
8822
9947
5152
9347
5711
1763
4991
6108
1051
9011
7201
4836
4799
853
1513
3797
8608
9340
3355
7778
9041
1104
8687
5363
9936
5602
3869
1437
5434
9564
3116
797
9868
2220
2126
9125
4284
8203
431
8031
5628
5339
17
1985
4107
5299
3438
1143
9452
3602
8593
418
8491
5892
3645
7077
5666
886
9107
2765
7045
3989
4339
9919
508
109
7079
4357
6924
1762
9710
7641
6276
568
219
5480
2919
5773
4517
8837
7096
6499
2733
4417
6717
5451
6820
380
2125
9665
5693
9043
6144
3729
2144
4688
6613
4286
3337
4201
760
2986
2266
6435
3982
1900
2999
7761
1727
8645
4325
2121
4964
1863
5608
7828
5879
2590
9157
1815
7447
4504
8173
724
2296
8459
7982
4513
3808
8320
6863
3802
2338
8849
6699
4558
704
4302
1955
7077
7949
4640
2226
6760
5149
1979
9427
2455
7646
4583
2726
5930
5147
847
9369
8907
8949
3868
7315
3877
7192
7178
1419
8841
7338
8163
1263
4175
5902
3138
764
6104
2094
1767
7769
2860
5037
8338
5754
2121
980
7664
6253
8433
4934
1681
4877
4965
9010
2173
4546
9578
5810
6866
2478
8190
3182
6877
8148
9104
198
502
1238
2077
1219
6608
5153
1693
4106
9749
8499
8410
1774
2939
7255
7954
3192
6357
5432
5299
3314
2594
7674
6991
5482
1606
4386
9141
5812
8023
7834
2787
2199
4626
5700
6401
38
8939
4592
1360
6787
8931
5993
5461
9323
4265
8543
8531
802
5850
9151
9595
7008
1795
6395
7853
2109
7299
7228
721
5520
6665
8060
8967
7498
9306
746
4692
7137
4337
2497
2223
850
516
8385
2275
965
567
6152
8574
898
7697
1756
211
7991
3094
3043
5687
9844
8411
5222
1142
4686
6509
3560
114
2423
3609
40
3147
4538
1156
410
4185
1712
6594
1948
8779
6522
4059
5125
8294
4107
7541
5645
2021
9256
5699
4919
9933
1364
7817
8619
6523
7121
6522
6681
8943
9030
7270
8630
6484
4423
9630
7854
7646
3766
1216
8910
7826
5284
9159
9625
9028
5586
7821
7007
5371
8964
2802
2932
3293
200
5762
4064
7571
6194
5738
2966
4234
2768
2800
5229
7013
1077
7257
177
7205
946
9761
4727
493
7878
3105
9171
4715
4422
9919
6769
5993
3461
1916
5797
2432
4652
8850
3457
588
8990
3077
1332
1683
7337
4598
6541
2025
5520
263
3158
4883
8974
5904
4011
1465
3462
349
2953
881
1421
4203
7832
7667
6226
5971
6048
2535
661
643
5965
5236
1181
6619
5419
9180
2788
9085
4371
3203
2284
2947
9520
3945
5017
2630
2140
6514
7098
7786
8729
8382
7181
2858
9305
3019
7521
3851
7402
9623
3755
1765
9748
856
6964
1461
1459
6382
1956
5622
2387
1957
1649
7276
4151
1194
3259
9960
2551
4388
6451
9849
5420
2183
6625
2660
6474
2130
8453
3650
4743
7384
76
9095
662
9409
2395
4590
5439
8345
3707
3548
5903
769
8965
7336
6955
3048
8524
8057
3597
4157
190
8744
425
497
2982
6905
7925
4664
8459
2191
2490
8604
4084
9913
772
172
5579
5940
4146
8901
3249
5988
6062
5276
1427
9360
8249
1313
7080
3315
70
9255
5082
5804
410
7682
1460
3388
4841
8772
7332
63
4727
7048
1651
3124
6577
5641
8669
577
1121
5100
3991
5627
31
1596
5610
4652
9416
4846
8954
1853
8372
8872
8708
4645
4865
5448
5882
5112
3994
6201
1547
1321
5579
9694
2308
3493
7065
4454
3077
1802
9956
6114
7368
3463
1953
4584
8170
4785
2423
1821
794
2972
7839
8447
8751
2078
4343
6216
1933
4071
5434
3860
5014
3685
1953
4584
8170
4785
2423
1821
794
2972
7839
8447
8751
2078
4343
6216
1933
4071
5434
3860
5014
3685
1953
4584
8170
4785
2423
1821
794
2972
7839
8447
8751
2078
4343
6216
1933
4071
5434
3860
5014
3685
8071
4227
8353
4164
9126
6493
1555
4909
690
8175
4081
6290
4788
7077
8312
2172
1294
8035
6995
141
6334
1348
2482
9653
6378
3371
5758
6500
2167
5708
878
1324
5483
2928
9880
7395
2728
9000
4546
3176
1144
8465
5128
9803
7980
8977
232
5664
9896
5714
1052
4666
1520
4494
4173
830
3516
4897
1884
3482
2288
884
3866
32
6990
4660
1892
6242
7750
770
330
5684
1571
8947
919
8309
8520
2199
9739
9346
5507
5670
1295
8789
2390
1777
142
540
6875
9498
6303
5638
4979
8401
3616
5233
2336
764
9974
2578
8116
3065
4919
8010
8507
4667
3687
1257
6337
1589
7743
4749
6545
5167
9386
3726
4069
4271
8814
7390
5611
8567
6882
5544
2566
8236
3381
463
6555
5533
4176
6830
3952
4245
782
4921
302
1763
1691
845
6803
4440
3910
1200
1257
8363
3221
914
3063
8529
7761
1597
1537
5330
5893
1854
3598
9009
7379
4524
2318
9152
715
5461
2233
659
5296
6544
6679
7447
7296
7772
5241
8008
4897
2033
7280
7628
6513
2244
7819
251
3792
4345
7209
7304
3717
7899
3148
2085
6952
515
3505
5821
7418
4894
3930
5682
4424
2951
6817
3769
2898
9975
6124
2379
6180
182
359
4739
3755
8775
798
4555
7531
4016
4032
9822
9013
4627
201
5577
9863
8471
6564
9451
4247
150
8291
3410
8065
1594
2838
4263
6390
5391
3825
8615
3567
954
1788
5808
9731
1591
8611
3661
1199
904
8047
9741
2684
8249
3230
8819
406
9726
136
8258
692
8912
7495
9761
2893
7168
5760
2713
6048
2928
1655
48
9651
4659
1001
2182
8316
3484
5504
1950
180
6379
6136
7767
248
597
1948
3738
609
5557
4604
8990
4855
8237
4325
7092
5966
359
6402
6716
6990
5989
1275
8291
1208
2872
1079
4626
5833
5149
7660
9699
6242
5988
4187
8656
6534
5142
5532
2283
944
8274
5779
7306
6375
2754
243
7245
4984
7906
1501
5116
8452
1687
8188
2153
1550
8823
1231
7165
7566
9215
1348
6845
8333
5950
7825
9413
7668
5376
6494
1032
1469
7916
5484
1556
6228
9978
9405
5125
2709
440
4213
8449
5459
3077
4259
6482
3435
2105
7236
7422
1456
1963
4612
6703
3883
9649
5942
6100
8991
8925
759
5032
7111
1672
2653
6264
8156
5412
2668
1524
4226
7619
5930
2489
8876
8191
5272
5651
464
851
7248
6863
5413
1631
1392
7481
4541
8184
9608
222
2208
5132
3662
2034
8836
7548
1883
391
3541
1564
4743
3524
9587
1315
5113
2225
9470
3838
1616
2975
1781
3375
656
9126
2290
3305
8211
2755
8386
494
2836
4056
441
3364
9240
1787
5839
5909
6572
5822
1969
38
4668
9795
6788
1878
3057
7946
7145
5138
1211
5585
3722
4654
8418
8121
969
4885
408
9102
4342
1375
7783
4112
4607
9757
7948
1922
7015
652
6506
5239
1595
1739
2206
1235
1638
1304
2270
9947
2911
3189
5067
5324
3021
5578
9042
5880
2348
6771
1467
4931
6796
733
8627
8956
6929
674
2066
960
5936
6457
1806
5537
9867
1725
4502
2728
4836
2714
607
7645
7838
740
6851
9330
8379
2577
7285
7346
8400
5091
8970
3077
3671
6805
1978
4149
6936
1118
8767
6399
34
192
8697
3600
7368
7974
2181
8613
8565
4746
1821
1855
249
7206
8334
9548
7723
7191
7479
5166
4078
6043
1535
8846
823
177
4498
5973
2391
8121
1388
4633
6553
3018
1293
9081
6733
5879
2471
3975
1414
2252
2996
5081
8895
4075
4647
4691
2109
4424
1296
2927
1270
7481
293
5482
6720
8312
9219
8717
4377
5818
2466
3844
9824
3778
5539
7011
3847
9102
9860
633
66
8794
2927
9127
298
8520
6016
2276
1908
3990
7202
499
2906
9394
8482
5191
6744
5237
6195
5934
8677
866
7204
2512
6742
7163
1509
6801
49
2508
5827
8358
8118
6897
7271
1742
1316
1489
5152
1422
3659
1289
1857
3770
6109
225
